time,x,y,z,phi,theta,psi,x_velocity,y_velocity,z_velocity,phi_velocity,theta_velocity,psi_velocity,rotor_speed1,rotor_speed2,rotor_speed3,rotor_speed4
0.06,-3.03958616715e-07,1.39311030794e-07,10.0032352326,0.000147606262562,0.000283475524801,0.0,-2.61654288581e-05,1.26763228251e-05,0.107836240527,0.00697519777142,0.0128073327626,0.0,438.20208362095144,439.26517556420106,439.7349306587921,440.31221163682414
0.12000000000000001,-1.26752824893e-05,6.45853621697e-06,10.0164928977,0.000622782415868,0.00135952150939,0.0,-0.000499428700882,0.000251969266202,0.334046470642,0.00974455020918,0.0266014499881,0.0,474.53680816042305,475.59423641714136,475.4071775384115,475.619166900324
0.18,-7.86611050747e-05,3.89550448454e-05,10.0406687667,0.00214125925327,0.00289223651442,0.0,-0.00186843866144,0.000955931217853,0.471767973477,0.0456743860572,0.0233447591581,0.0,448.7537328389451,448.48945443892524,447.61497175839344,450.5290758766307
0.23999999999999996,-0.000254008534852,0.000149260601131,10.0711881824,0.00518660314624,0.00480932968539,0.0,-0.00414304538823,0.00300621578521,0.54551160825,0.0593554049455,0.0451868364117,0.0,427.6295344709043,429.4861827749837,428.33453453258875,429.4979584842871
0.3,-0.000636330881128,0.000476919229601,10.1114616028,0.00870527419865,0.00729141289943,0.0,-0.00892503166322,0.008355341107,0.796789786216,0.0571840684894,0.032362170363,0.0,482.0987372120379,481.12964243901945,484.20746209821607,484.04620095901737
0.36000000000000004,-0.00136193104371,0.0012114948704,10.1664519854,0.012878072838,0.00926524168126,0.0,-0.015500310587,0.016603949359,1.03603024215,0.0869021631873,0.0339459882446,0.0,480.1521828277244,480.27263757097967,478.13030964113074,480.39183720824855
0.4200000000000001,-0.00251190124007,0.00252336504802,10.2337569215,0.0177302889065,0.0108782750873,0.0,-0.0230429364687,0.027693822042,1.20729164818,0.0647123203693,0.0064717094327,0.0,460.7183105402015,458.541297951999,461.3926470847025,459.6425152779671
0.48000000000000015,-0.00413160303773,0.00458323271998,10.3100880034,0.0220821942071,0.0120167374069,0.0,-0.0310347775085,0.0414073458887,1.33692504358,0.0848005364106,0.0364763130849,0.0,446.1299046508614,448.5728319317264,447.2569928446,448.893820216183
0.5400000000000001,-0.00624373901941,0.00753131176372,10.3927667933,0.0274497023359,0.0142247428588,0.0,-0.039586982933,0.0573801828962,1.41892027215,0.0974376107963,0.0374397589171,0.0,433.677017631929,433.758588413976,431.7856042888567,432.8571458210538
0.6000000000000002,-0.00899127011502,0.0116990191291,10.485641158,0.0333862535262,0.0167049463639,0.0,-0.0522898811093,0.0822718774006,1.67652296825,0.101792055187,0.0481693756211,0.0,485.7771435509797,486.5817127384416,486.4576146864414,486.79102018430336
0.6600000000000003,-0.0125418768763,0.0174620745022,10.5925157934,0.0395742611544,0.0191356133676,0.0,-0.0663820697546,0.110544864272,1.88561020375,0.10568766961,0.0172145572741,0.0,474.7464389309706,472.366194842512,472.5008938205718,472.80964456684444
0.7200000000000003,-0.0170163099419,0.0251306316206,10.7134052982,0.0458153226116,0.0199782719868,0.0,-0.0828759019794,0.145843934672,2.14355441828,0.100452206267,0.00680014683538,0.0,487.86807932940053,487.08979461741814,488.713055131375,488.33104569783063
0.7800000000000004,-0.0224238286421,0.0348984776589,10.8460235904,0.0516106160021,0.0202772128329,0.0,-0.0974078145001,0.180371772788,2.27676419483,0.0874602842301,0.00107324662203,0.0,451.1392256542148,450.6765113154698,453.65977113991545,452.62313548577924
0.8400000000000004,-0.0286398650158,0.046682815182,10.9832552387,0.0566269202402,0.0200727721935,0.0,-0.109788185763,0.212901059903,2.29755308442,0.0745006911414,-0.0143518253033,0.0,416.7741290498004,415.42385707747616,417.5871378631147,416.46130382755877
0.9000000000000005,-0.0356214336381,0.0605931964147,11.1232080933,0.061314994534,0.0191431830254,0.0,-0.122840831353,0.251216451058,2.36736982274,0.0845557514221,-0.0178793943276,0.0,433.63070552851167,433.33437407305547,431.73735607934344,432.5898852368486
0.9600000000000005,-0.0433878807192,0.0769636740922,11.2684149929,0.0659955832479,0.0184575955436,0.0,-0.135948756287,0.294957204552,2.47260062862,0.0598349880714,-0.000918137263473,0.0,444.3342430368208,445.72262483154964,444.92503244073333,442.9012043436517
1.0200000000000005,-0.0518701757155,0.0958337714537,11.4166906648,0.0695083581057,0.0184122362823,0.0,-0.14679042767,0.334352619405,2.4698998164,0.0558367049327,-0.000433618711442,0.0,409.9545242677794,409.9975907208138,409.7126351158715,409.3597110365059
1.0800000000000005,-0.0610808498154,0.117426787918,11.5690522626,0.0726499090988,0.0184224995081,0.0,-0.160225833573,0.385740828269,2.60847907924,0.0442973407297,0.00135388164013,0.0,456.113383513377,456.2561097059599,455.1238597936431,454.2010608024936
1.1400000000000006,-0.0710614318694,0.142021694222,11.7277168963,0.0756014184921,0.0186857907263,0.0,-0.172474933834,0.43434921537,2.68014548015,0.0575206357264,0.00985487932498,0.0,434.8008057140067,435.5123411604383,434.59917194473866,435.70761693508257
1.2000000000000006,-0.0818863223129,0.170008914452,11.8961106499,0.0792912371636,0.0190215704931,0.0,-0.188403449057,0.498952278529,2.93231551368,0.0684508387494,-0.00468240694234,0.0,489.4566543726618,488.37349609981106,490.9191632428475,491.7317966582752
1.2600000000000007,-0.0935605217014,0.201499765239,12.0737963239,0.0830065105485,0.0186367026087,0.0,-0.200702300993,0.551105111521,2.99034551247,0.0438092571757,-0.0101256047288,0.0,433.45835442046194,433.0007760181795,433.10747315911715,431.0327069974149
1.3200000000000007,-0.10598573612,0.236283321858,12.2561218683,0.0859035965803,0.0177408040034,0.0,-0.21339307637,0.608600566143,3.08687810333,0.0559955316407,-0.0268833895299,0.0,445.79509251107055,444.42372968548966,445.0640253325202,446.061718797809
1.3800000000000008,-0.119122020323,0.274437699985,12.4426218999,0.0891614774763,0.0160114548516,0.0,-0.224325174093,0.663504681721,3.12963284604,0.0506678423122,-0.0330131083572,0.0,430.3790919725267,429.859679143227,427.60432948465353,427.1523074588464
1.4400000000000008,-0.132828758337,0.315648178955,12.6283742037,0.0922204436652,0.0144828576026,0.0,-0.232436181439,0.710422235491,3.062262356,0.0516050739043,-0.0135593459899,0.0,391.02151124336336,392.8294001360735,391.01867917074424,391.1080299422437
1.5000000000000009,-0.14703039136,0.359907929139,12.8120978927,0.0950597856651,0.013282393262,0.0,-0.240868392897,0.765153643351,3.0618222575,0.0369769724077,-0.0377992947253,0.0,414.7088919156875,412.57406944961065,415.8379395296998,414.55600995882935
1.560000000000001,-0.161755895398,0.407821238464,12.9991754319,0.097254793872,0.0105991436462,0.0,-0.249726997608,0.83214513407,3.17375101903,0.0357848064169,-0.0644985848802,0.0,451.8138393779135,449.6547380763984,451.0980515118164,451.00236066806593
1.620000000000001,-0.176953800413,0.459833332846,13.1933239685,0.0995911301259,0.00633294014664,0.0,-0.256442253795,0.901781693362,3.29747541316,0.04459839883,-0.0895217300099,0.0,456.28021807607826,454.2740449440564,454.9044939952541,455.61042184908376
1.680000000000001,-0.192434815574,0.515651831253,13.3906948438,0.101947173263,0.000954205926232,0.0,-0.259135482895,0.959042455094,3.28156448317,0.0256010783133,-0.089894230631,0.0,410.86742836541384,410.82696715460514,411.8183004997087,410.13526676585656
1.740000000000001,-0.207984759865,0.575099786505,13.5886577779,0.103863113085,6.27849066566,0.0,-0.258686561105,1.02269156737,3.31706246885,0.0422757234707,-0.104400125079,0.0,428.207086654768,426.9632236017531,427.85106877654687,429.26883879470415
1.8000000000000012,-0.223377106526,0.638791000264,13.7924509457,0.106659737104,6.27222092063,0.0,-0.253699827872,1.10057817054,3.47550929459,0.0541101495168,-0.104687530044,0.0,467.16451338655827,467.13315806120977,466.2658209133677,467.1906489123707
1.8600000000000012,-0.238294297976,0.707525756368,14.0086011556,0.110136380049,6.26581697569,0.0,-0.242757855801,1.19089458743,3.72860903749,0.0646782350519,-0.111168534425,0.0,495.88551389982234,495.4004602954847,495.25372164929837,496.0323583221455
1.9200000000000013,-0.252470058215,0.781295656606,14.2356881425,0.114456835511,6.25901068521,0.0,-0.229074437002,1.26846835737,3.84048939592,0.0836576686658,-0.118410015178,0.0,455.6981214551669,455.10770636415316,455.2989567356795,456.81874401869356
1.9800000000000013,-0.265576590604,0.860278551816,14.47350003,0.119965654809,6.25212907028,0.0,-0.206967582621,1.36482627326,4.0855729823,0.104496869666,-0.10814511237,0.0,495.6536407222733,496.3972005407103,495.37812939876693,496.91418078442086
2.0400000000000014,-0.277420425346,0.94430664108,14.7188006617,0.126362837582,6.24603619962,0.0,-0.187274828829,1.43664212984,4.09096447237,0.110555986587,-0.0908542432225,0.0,423.99473225059523,425.46816847552765,424.7158294910101,425.2457503512513
2.1000000000000014,-0.287804569781,1.03332797094,14.968873321,0.132656683515,6.24033455026,0.0,-0.158272514504,1.53134848243,4.24404918079,0.0901068955593,-0.105044981355,0.0,472.0891119392185,470.9855585034343,472.58594853209087,471.01571215506533
2.1600000000000015,-0.296199135345,1.12852145437,15.2307756118,0.138393944377,6.23434883889,0.0,-0.120832592834,1.64229400655,4.484899593,0.104834427462,-0.0908760788918,0.0,498.61071034496626,499.6373623122101,497.70553888161055,498.7889670661964
2.2200000000000015,-0.302300815442,1.23023718855,15.5051371932,0.144784166463,6.22976700317,0.0,-0.0820347578681,1.7488107944,4.65956610089,0.109646551586,-0.0569467600571,0.0,480.23534712873266,482.7977253252212,481.95185469079837,482.3244176170616
2.2800000000000016,-0.306053824552,1.3382790934,15.7885354158,0.152091652617,6.22685374763,0.0,-0.0427634281754,1.85321201253,4.78628560308,0.138920801196,-0.0355790305071,0.0,468.5377979814541,470.1948609234923,468.31331727787307,470.59714840738786
2.3400000000000016,-0.307457146248,1.45256577177,16.0783644687,0.160252812435,6.22469544964,0.0,-0.00382217550383,1.95707155516,4.87405303606,0.129480791015,-0.036768449792,0.0,458.6512539121445,458.5562333407679,459.9578664294131,459.22593336289367
2.4000000000000017,-0.306528572421,1.57310835809,16.372607067,0.167550381098,6.2228793371,0.0,0.0349476676031,2.06165677791,4.9335259458,0.0973161667942,-0.0196988845687,0.0,450.97689163013325,452.3534120052479,452.7926127655562,450.2097416564125
2.4600000000000017,-0.30312244741,1.70038261697,16.6723188524,0.172942510415,6.22165013265,0.0,0.0786797376883,2.18126791868,5.05608463936,0.0676571146923,-0.0221107946949,0.0,472.177194539405,471.99110808891373,473.1498492309118,470.8665388035549
2.520000000000002,-0.297236057062,1.83445526501,16.9766366274,0.17672271052,6.22037542872,0.0,0.117640704978,2.28809475333,5.08751658253,0.0515346041154,-0.019567664849,0.0,444.79241022924975,445.0006704095301,446.4096250311629,445.09468423685195
2.580000000000002,-0.289003661116,1.97495195068,17.2825843193,0.179805717991,6.21932188734,0.0,0.15686284938,2.39532031179,5.11046864422,0.0510795502338,-0.0138175184845,0.0,441.7467068495597,442.2207617611523,444.58957085993893,444.55396910611375
2.640000000000002,-0.278281034815,2.1222593066,17.5917124237,0.182731624287,6.21874315976,0.0,0.200596568959,2.51507766293,5.19323407061,0.0436818218827,-0.00238959583489,0.0,462.4688898526004,463.3684065283193,462.77603725784263,462.1946326501761
2.700000000000002,-0.264943329609,2.27674605749,17.9055126461,0.185221046311,6.21882203396,0.0,0.243966440526,2.63458695006,5.26625574589,0.0367028383577,0.00784974671439,0.0,460.2592459692524,461.0690325345713,461.31451568074687,460.7638562848875
2.760000000000002,-0.249241624679,2.43776684732,18.2201026688,0.187674969039,6.21947395194,0.0,0.279385734373,2.73292073532,5.22015978285,0.0481889647291,0.0163011637673,0.0,423.26536470168,423.9921142455589,422.76924299489673,423.75890935060204
2.820000000000002,-0.231361488571,2.60490908746,18.5329284104,0.190629360559,6.22043873769,0.0,0.316531079032,2.83866273405,5.20726497241,0.0512622294652,0.0156332650743,0.0,434.60986479919507,434.5537838388622,433.9979398655867,434.25742680895
2.880000000000002,-0.21099630411,2.77926257957,18.8492506007,0.193405740975,6.22126198067,0.0,0.362163285425,2.97321783527,5.33598304022,0.0337393822736,0.00959151821487,0.0,479.65472664840695,479.19547315979423,479.13808068636234,477.80488591958067
2.940000000000002,-0.188126368726,2.96105798012,19.1698543777,0.195879078424,6.22166097321,0.0,0.400109146106,3.0867190593,5.35057351826,0.0530705802221,-3.49295094128e-07,0.0,446.02496775648984,445.240662955689,444.12421348014635,445.70808803168796
3.000000000000002,-0.162915666235,3.14991741716,19.4924345381,0.198880049758,6.22132032506,0.0,0.440233729797,3.20873383755,5.40163917192,0.0430775469492,-0.0205519137697,0.0,458.089137929964,456.4517430308831,457.90747362713654,457.1131610252595
3.0600000000000023,-0.135228588253,3.34632459925,19.8189928079,0.201629119851,6.22053172073,0.0,0.482729965473,3.33823990632,5.48301242325,0.0507998671082,-0.00138740529739,0.0,467.0696385631975,468.56226502174684,467.3480464526167,467.9507816130641
3.1200000000000023,-0.105085344499,3.55020470227,20.1487755432,0.204592699842,6.22049224588,0.0,0.522029203292,3.4578936886,5.50940166226,0.0464204428265,0.000762672852783,0.0,451.75038133650526,451.9237693201684,452.1018293357513,451.7502309891246
3.1800000000000024,-0.0728525318507,3.76043037179,20.4759479365,0.207621502711,6.22028589971,0.0,0.552427963075,3.54983851699,5.39675400092,0.0575621224558,-0.0135503466946,0.0,407.3191512327565,406.0368503381613,405.0062817869401,406.00924543830257
3.2400000000000024,-0.0385166881385,3.97709796668,20.800605759,0.210907909346,6.21923721675,0.0,0.592162000035,3.67256462134,5.424796413,0.0485165968194,-0.0267946458924,0.0,452.2994817872483,451.23140900424556,453.24575305771975,452.5199760882322
3.3000000000000025,-0.00190045129492,4.20075950016,21.1250268231,0.213558628943,6.21723988969,0.0,0.628524111705,3.78295363687,5.38921461878,0.0336684928655,-0.05126242004,0.0,432.46016489994884,430.39319657741845,434.08425884536024,432.8373214973245
3.3600000000000025,0.0372625633256,4.4321077948,21.4521066409,0.215299693323,6.21427439906,0.0,0.677175125651,3.92856359121,5.51256573192,0.0175538563797,-0.0459831487048,0.0,482.78606978459254,483.18299170336195,482.6026480096326,481.3847228873644
3.4200000000000026,0.0789551653355,4.67081183039,21.7802238505,0.216691216146,6.21170124158,0.0,0.712799132536,4.02827954847,5.42497431637,0.0325846227027,-0.0373188555241,0.0,416.07405727610825,416.83093540843066,416.41777050494835,417.7309506082163
3.4800000000000026,0.122905229457,4.9157456923,22.1042009617,0.219414746923,6.20934002727,0.0,0.752392910225,4.13627976837,5.37431933854,0.0631937382304,-0.0437685422608,0.0,429.583996555093,429.03576933295733,426.8199428914038,429.426083201261
3.5400000000000027,0.169506355897,5.16787763719,22.428223838,0.223342443244,6.20658013095,0.0,0.801196771809,4.26826236793,5.4258711298,0.0696480939972,-0.0508773699772,0.0,461.7561079783915,461.193683319789,461.8184447082397,462.33034068372154
3.6000000000000028,0.218863107963,5.42733023474,22.7524614308,0.227080041377,6.20406204054,0.0,0.84425147722,4.38037126313,5.38199791671,0.0405237197181,-0.028374149265,0.0,431.41264688072596,433.3078655785314,433.254572978668,430.80106689021926
3.660000000000003,0.271048320334,5.69412928189,23.0765989399,0.229384458411,6.20239318508,0.0,0.89537556765,4.51292116575,5.42212296587,0.0337974907998,-0.0267175122805,0.0,459.18704975331696,459.31830842305266,459.9592458020262,459.4267961407656
3.720000000000003,0.326107900873,5.96826980411,23.4004579541,0.231535936293,6.20098903789,0.0,0.940065252204,4.62514180063,5.37322457717,0.0396887951172,-0.01748360257,0.0,431.8288078122928,432.60713408888677,430.63335210757106,431.13213364919636
3.780000000000003,0.383928771123,6.24931766627,23.7220824056,0.233980826447,6.20005320135,0.0,0.987367890961,4.74316589867,5.34749644216,0.0427864016646,-0.0120690948537,0.0,439.1312608060917,439.5803722477195,438.8418650081407,439.0998584087694
3.840000000000003,0.444399282591,6.53689820049,24.0398024449,0.237012666973,6.19924426453,0.0,1.02839370005,4.84299985344,5.24350445076,0.0627074854613,-0.0164699582243,0.0,412.85517773333015,412.4666991263701,412.002243618536,413.7620089757449
3.900000000000003,0.507615190487,6.83125019382,24.354422812,0.240214955092,6.19789495517,0.0,1.07887365802,4.96885249902,5.24354555286,0.0182063676468,-0.0386078707124,0.0,447.4101229466097,445.6035686127431,449.6199836328431,446.0007999575355
3.960000000000003,0.573936723232,7.13330795118,24.6696009371,0.241184454395,6.19523613412,0.0,1.13203433715,5.099587068,5.26207748115,0.0117108339441,-0.0592833312912,0.0,454.5770628674695,452.91567857710186,453.8207983303138,453.2989107623867
4.020000000000002,0.643700150779,7.44372895611,24.9880748775,0.241957431682,6.19140580567,0.0,1.19371828325,5.24749626525,5.35298432003,0.01512975383,-0.0750043623658,0.0,477.34985361509376,476.14564991913585,476.9071795012838,477.1681717199104
4.080000000000001,0.7166744789,7.76152766483,25.3060209006,0.242807337193,6.18738597468,0.0,1.23909783765,5.3457726569,5.2456065073,0.0121624650126,-0.0544951366082,0.0,413.02484470002736,414.82630235883147,413.8558690963379,413.5944455946778
4.14,0.792881926883,8.08633124813,25.6220978699,0.243544640663,6.18403351454,0.0,1.30141185669,5.48077915395,5.28981974295,0.0125390586032,-0.0587849403563,0.0,464.42478810212873,464.0861506714906,462.14721580376374,462.176776034213
4.199999999999998,0.87245508918,8.41815753411,25.9365886466,0.244361313028,6.18053403702,0.0,1.35131283116,5.58004701639,5.19353939172,0.0156735623005,-0.0574199136041,0.0,417.418064033424,417.5345971475156,418.11777690951357,418.3907387253099
4.259999999999997,0.954830426383,8.75534828264,26.2430355273,0.245545522469,6.17720737198,0.0,1.39481318012,5.65970679055,5.02210496317,0.0268261983636,-0.0517617538865,0.0,389.80371130247755,390.3297064106898,389.4348854614771,390.47701456539096
4.319999999999996,1.04052833631,9.09882881904,26.5453029352,0.246706423704,6.17393902062,0.0,1.46202433188,5.78948391397,5.05304776421,-0.00303903171175,-0.0605328771567,0.0,457.37765292837116,456.6764951530842,459.8629351010056,457.49058582573366
4.379999999999995,1.13053796655,9.45055313723,26.8513378852,0.247124700342,6.17014764705,0.0,1.53858146788,5.9342768239,5.14736792994,0.0218362090623,-0.0691138737517,0.0,479.06343709694914,478.40776749533956,477.1204626790551,479.01618860768036
4.439999999999993,1.22529155698,9.81109085567,27.1636405161,0.248502063689,6.16548461038,0.0,1.62020667807,6.0833511675,5.26176318561,0.025106405196,-0.106649303184,0.0,488.00548109154005,485.19012154587426,485.4108966699444,485.6562831472703
4.499999999999992,1.32515933749,10.180786211,27.4836814168,0.249471276427,6.15916816306,0.0,1.70927446776,6.23947386386,5.40506388913,-0.0154776996104,-0.102658694452,0.0,496.70203501325966,496.9862621463017,497.87419668041224,494.89531325986457
4.559999999999991,1.43009352275,10.5589965004,27.8090996604,0.24856819751,6.15291400199,0.0,1.78904866269,6.36709376059,5.44175960874,-0.0142119284445,-0.107590630377,0.0,467.37581376067385,466.9822629285235,465.9082124327917,466.0073058135373
4.6199999999999894,1.53924443405,10.9435179428,28.1316727694,0.247521977556,6.1461140922,0.0,1.84983598001,6.45012686157,5.31125325258,-0.024825369917,-0.128415147337,0.0,414.1879629559903,412.33902297712746,410.9701625150358,410.0280918030504
4.679999999999988,1.65230952439,11.3332570706,28.4476090337,0.246410014292,6.13861229575,0.0,1.91960505707,6.54091384204,5.22027549537,-0.00824046375353,-0.119004035635,0.0,423.8222820829495,424.61552801851775,423.86623177554816,425.2895468772163
4.739999999999987,1.77053717174,11.7298206098,28.7638178905,0.245663600266,6.13260036873,0.0,2.02183995992,6.67734971267,5.31914760798,-0.0225447303148,-0.0771851108095,0.0,484.0024304953638,487.1316152455542,484.8171798189856,483.7411074499174
4.799999999999986,1.89435506145,12.1334523459,29.0817694114,0.243973477188,6.12773854164,0.0,2.10579659146,6.77667755057,5.27929055258,-0.0428504678593,-0.0901071923957,0.0,443.1500472252835,442.0808683642863,443.87389193685414,442.2036007591954
4.859999999999984,2.02378265152,12.5437143828,29.4003693073,0.241768059062,6.12225185496,0.0,2.20887390053,6.89808639839,5.34016119574,-0.0267363585018,-0.0942618059726,0.0,474.74939126077896,474.42397563233845,474.53709960854576,475.77217487821
4.919999999999983,2.15945557489,12.9611036465,29.7223641428,0.240346597213,6.11705700694,0.0,2.3139594133,7.01435478715,5.39245235867,-0.0182072365626,-0.0744866057874,0.0,472.7360956513613,474.2519366876825,472.96642245549555,473.6229918364192
4.979999999999982,2.30126767611,13.3850275709,30.0460077425,0.238872071146,6.11239828105,0.0,2.41344248222,7.11602610282,5.39542932484,-0.0420449902985,-0.0848547802659,0.0,461.0530266261909,460.22829928358567,458.32696672254855,456.4277875080109
5.0399999999999805,2.44914077736,13.814986236,30.369903807,0.236253679604,6.10764905681,0.0,2.51602592318,7.21538070207,5.40090891969,-0.0470362300505,-0.069677456286,0.0,458.9048528950047,460.10344942297104,461.2010984235222,460.8056060443275
